0.1 0.0 0.7979420018709074
0.1 0.1 0.783910196445276
0.1 0.2 0.788275647022139
0.1 0.30000000000000004 0.7960710944808231
0.1 0.4 0.7923292797006548
0.1 0.5 0.8216401621453072
0.1 0.6000000000000001 0.8086997193638914
0.1 0.7000000000000001 0.8083879014655441
0.1 0.8 0.810414717804802
0.1 0.9 0.8085438104147178
0.1 1.0 0.8141565325849704
0.1 1.1 0.8242906142812597
0.1 1.2000000000000002 0.8272528843155599
0.1 1.3 0.8099469909572808
0.1 1.4000000000000001 0.8214842531961334
0.1 1.5 0.828032429061428
0.1 1.6 0.8214842531961336
0.1 1.7000000000000002 0.8216401621453072
0.1 1.8 0.8230433426878703
0.1 1.9000000000000001 0.8300592454006859
0.1 2.0 0.8267851574680387
0.1 2.1 0.8288119738072965
0.1 2.2 0.8292797006548177
0.1 2.3000000000000003 0.8299033364515124
0.1 2.4000000000000004 0.8344246959775492
0.1 2.5 0.8323978796382913
0.1 2.6 0.8358278765201123
0.1 2.7 0.8358278765201121
0.1 2.8000000000000003 0.8328656064858122
0.1 2.9000000000000004 0.8328656064858123
0.1 3.0 0.8345806049267228
0.1 3.1 0.8350483317742438
0.1 3.2 0.835048331774244
0.1 3.3000000000000003 0.8378546928593703
0.1 3.4000000000000004 0.8370751481135018
0.1 3.5 0.8375428749610228
0.1 3.6 0.8373869660118491
0.1 3.7 0.8401933270969755
0.1 3.8000000000000003 0.8380106018085439
0.1 3.9000000000000004 0.83785469285937
0.1 4.0 0.838478328656065
0.1 4.1000000000000005 0.8391019644527596
0.1 4.2 0.8372310570626754
0.1 4.3 0.8392578734019334
0.1 4.4 0.8414405986903648
0.1 4.5 0.8412846897411912
0.1 4.6000000000000005 0.8423760523854069
0.1 4.7 0.8400374181478015
0.1 4.800000000000001 0.8398815091986279
0.1 4.9 0.8395696913002806
0.1 5.0 0.8395696913002806
0.2 0.0 0.7678515746803867
0.2 0.1 0.8021515434985967
0.2 0.2 0.7917056439039601
0.2 0.30000000000000004 0.804022450888681
0.2 0.4 0.7987215466167757
0.2 0.5 0.8108824446523232
0.2 0.6000000000000001 0.7815715622076707
0.2 0.7000000000000001 0.7980979108200811
0.2 0.8 0.8154038041783599
0.2 0.9 0.8086997193638914
0.2 1.0 0.7973183660742126
0.2 1.1 0.8097910820081072
0.2 1.2000000000000002 0.8107265357031493
0.2 1.3 0.817742438415965
0.2 1.4000000000000001 0.8144683504833178
0.2 1.5 0.8261615216713439
0.2 1.6 0.8130651699407546
0.2 1.7000000000000002 0.815871531025881
0.2 1.8 0.8186778921110073
0.2 1.9000000000000001 0.8166510757717492
0.2 2.0 0.8216401621453072
0.2 2.1 0.819769254755223
0.2 2.2 0.8185219831618334
0.2 2.3000000000000003 0.8242906142812597
0.2 2.4000000000000004 0.8222637979420019
0.2 2.5 0.8186778921110073
0.2 2.6 0.8182101652634861
0.2 2.7 0.8157156220767073
0.2 2.8000000000000003 0.8122856251948861
0.2 2.9000000000000004 0.8214842531961334
0.2 3.0 0.8210165263486124
0.2 3.1 0.8274087932647335
0.2 3.2 0.828032429061428
0.2 3.3000000000000003 0.826629248518865
0.2 3.4000000000000004 0.8244465232304333
0.2 3.5 0.8317742438415965
0.2 3.6 0.8280324290614282
0.2 3.7 0.8264733395696912
0.2 3.8000000000000003 0.8272528843155599
0.2 3.9000000000000004 0.8260056127221703
0.2 4.0 0.8260056127221702
0.2 4.1000000000000005 0.830526972248207
0.2 4.2 0.830059245400686
0.2 4.3 0.8258497037729965
0.2 4.4 0.8299033364515123
0.2 4.5 0.8281883380106017
0.2 4.6000000000000005 0.8295915185531649
0.2 4.7 0.8289678827564702
0.2 4.800000000000001 0.8302151543498596
0.2 4.9 0.8317742438415966
0.2 5.0 0.8338010601808543
0.30000000000000004 0.0 0.7963829123791705
0.30000000000000004 0.1 0.7876520112254443
0.30000000000000004 0.2 0.7988774555659495
0.30000000000000004 0.30000000000000004 0.8086997193638914
0.30000000000000004 0.4 0.7860929217337076
0.30000000000000004 0.5 0.7954474586841286
0.30000000000000004 0.6000000000000001 0.7990333645151232
0.30000000000000004 0.7000000000000001 0.7829747427502339
0.30000000000000004 0.8 0.80947926410976
0.30000000000000004 0.9 0.796694730277518
0.30000000000000004 1.0 0.8030869971936389
0.30000000000000004 1.1 0.8102588088556283
0.30000000000000004 1.2000000000000002 0.7896788275647023
0.30000000000000004 1.3 0.8155597131275335
0.30000000000000004 1.4000000000000001 0.8094792641097599
0.30000000000000004 1.5 0.8043342687870284
0.30000000000000004 1.6 0.817274711568444
0.30000000000000004 1.7000000000000002 0.8097910820081072
0.30000000000000004 1.8 0.8110383536014968
0.30000000000000004 1.9000000000000001 0.8124415341440598
0.30000000000000004 2.0 0.8096351730589335
0.30000000000000004 2.1 0.8127533520424072
0.30000000000000004 2.2 0.8130651699407547
0.30000000000000004 2.3000000000000003 0.8214842531961334
0.30000000000000004 2.4000000000000004 0.8207047084502651
0.30000000000000004 2.5 0.8225756158403493
0.30000000000000004 2.6 0.8210165263486124
0.30000000000000004 2.7 0.8247583411287808
0.30000000000000004 2.8000000000000003 0.8136888057374493
0.30000000000000004 2.9000000000000004 0.8194574368568756
0.30000000000000004 3.0 0.8157156220767071
0.30000000000000004 3.1 0.8060492672279388
0.30000000000000004 3.2 0.8253819769254754
0.30000000000000004 3.3000000000000003 0.8255378858746493
0.30000000000000004 3.4000000000000004 0.8224197068911757
0.30000000000000004 3.5 0.8208606173994387
0.30000000000000004 3.6 0.8228874337386965
0.30000000000000004 3.7 0.8244465232304335
0.30000000000000004 3.8000000000000003 0.8213283442469597
0.30000000000000004 3.9000000000000004 0.8267851574680386
0.30000000000000004 4.0 0.8247583411287809
0.30000000000000004 4.1000000000000005 0.8207047084502651
0.30000000000000004 4.2 0.8219519800436544
0.30000000000000004 4.3 0.8157156220767073
0.30000000000000004 4.4 0.8225756158403491
0.30000000000000004 4.5 0.8235110695353914
0.30000000000000004 4.6000000000000005 0.8164951668225756
0.30000000000000004 4.7 0.8227315247895229
0.30000000000000004 4.800000000000001 0.8207047084502651
0.30000000000000004 4.9 0.8246024321796072
0.30000000000000004 5.0 0.8270969753663859
0.4 0.0 0.7821951980043654
0.4 0.1 0.7825070159027128
0.4 0.2 0.7934206423448705
0.4 0.30000000000000004 0.7825070159027128
0.4 0.4 0.8012160898035546
0.4 0.5 0.7918615528531338
0.4 0.6000000000000001 0.7970065481758652
0.4 0.7000000000000001 0.7963829123791707
0.4 0.8 0.7965388213283443
0.4 0.9 0.7761147489865917
0.4 1.0 0.7990333645151231
0.4 1.1 0.8019956345494231
0.4 1.2000000000000002 0.7826629248518865
0.4 1.3 0.8051138135328967
0.4 1.4000000000000001 0.7974742750233864
0.4 1.5 0.8018397256002494
0.4 1.6 0.7910820081072654
0.4 1.7000000000000002 0.8043342687870284
0.4 1.8 0.8136888057374493
0.4 1.9000000000000001 0.809011537262239
0.4 2.0 0.8060492672279388
0.4 2.1 0.8188338010601809
0.4 2.2 0.8062051761771126
0.4 2.3000000000000003 0.8149360773308388
0.4 2.4000000000000004 0.8065169940754598
0.4 2.5 0.814780168381665
0.4 2.6 0.8188338010601809
0.4 2.7 0.8091674462114126
0.4 2.8000000000000003 0.8219519800436544
0.4 2.9000000000000004 0.8132210788899282
0.4 3.0 0.8076083567196757
0.4 3.1 0.812909260991581
0.4 3.2 0.8183660742126597
0.4 3.3000000000000003 0.8311506080449017
0.4 3.4000000000000004 0.8071406298721547
0.4 3.5 0.8182101652634861
0.4 3.6 0.8227315247895229
0.4 3.7 0.8085438104147178
0.4 3.8000000000000003 0.8143124415341441
0.4 3.9000000000000004 0.8205487995010913
0.4 4.0 0.8169628936700968
0.4 4.1000000000000005 0.8196133458060492
0.4 4.2 0.8166510757717492
0.4 4.3 0.8283442469597756
0.4 4.4 0.8272528843155597
0.4 4.5 0.8208606173994387
0.4 4.6000000000000005 0.8191456189585282
0.4 4.7 0.8152478952291862
0.4 4.800000000000001 0.8152478952291862
0.4 4.9 0.823199251637044
0.4 5.0 0.8222637979420019
0.5 0.0 0.7768942937324602
0.5 0.1 0.7888992828188339
0.5 0.2 0.8018397256002494
0.5 0.30000000000000004 0.814312441534144
0.5 0.4 0.7960710944808232
0.5 0.5 0.7938883691923917
0.5 0.6000000000000001 0.7977860929217337
0.5 0.7000000000000001 0.798097910820081
0.5 0.8 0.7966947302775179
0.5 0.9 0.7850015590894918
0.5 1.0 0.8027751792952916
0.5 1.1 0.7913938260056126
0.5 1.2000000000000002 0.8023074524477706
0.5 1.3 0.8054256314312441
0.5 1.4000000000000001 0.7865606485812285
0.5 1.5 0.7943560960399126
0.5 1.6 0.7867165575304021
0.5 1.7000000000000002 0.7825070159027128
0.5 1.8 0.8015279077019022
0.5 1.9000000000000001 0.79763018397256
0.5 2.0 0.810414717804802
0.5 2.1 0.8041783598378546
0.5 2.2 0.7895229186155285
0.5 2.3000000000000003 0.8069847209229811
0.5 2.4000000000000004 0.7952915497349548
0.5 2.5 0.7963829123791707
0.5 2.6 0.8090115372622387
0.5 2.7 0.8071406298721545
0.5 2.8000000000000003 0.8071406298721545
0.5 2.9000000000000004 0.8116619893981913
0.5 3.0 0.8146242594324914
0.5 3.1 0.8124415341440598
0.5 3.2 0.817274711568444
0.5 3.3000000000000003 0.8175865294667913
0.5 3.4000000000000004 0.8127533520424072
0.5 3.5 0.8213283442469598
0.5 3.6 0.8066729030246336
0.5 3.7 0.8094792641097599
0.5 3.8000000000000003 0.811350171499844
0.5 3.9000000000000004 0.821172435297786
0.5 4.0 0.8150919862800126
0.5 4.1000000000000005 0.8233551605862178
0.5 4.2 0.8202369816027439
0.5 4.3 0.8210165263486124
0.5 4.4 0.8233551605862176
0.5 4.5 0.8149360773308388
0.5 4.6000000000000005 0.8157156220767073
0.5 4.7 0.819769254755223
0.5 4.800000000000001 0.8197692547552228
0.5 4.9 0.8222637979420019
0.5 5.0 0.8122856251948862
0.6 0.0 0.8046460866853757
0.6 0.1 0.8007483629560337
0.6 0.2 0.7995010913626442
0.6 0.30000000000000004 0.7795447458684128
0.6 0.4 0.7945120049890865
0.6 0.5 0.7857811038353603
0.6 0.6000000000000001 0.7712815715622076
0.6 0.7000000000000001 0.7959151855316495
0.6 0.8 0.7876520112254443
0.6 0.9 0.7927970065481759
0.6 1.0 0.7909260991580916
0.6 1.1 0.7931088244465233
0.6 1.2000000000000002 0.810414717804802
0.6 1.3 0.7895229186155285
0.6 1.4000000000000001 0.80947926410976
0.6 1.5 0.8037106329903336
0.6 1.6 0.8032429061428125
0.6 1.7000000000000002 0.7952915497349548
0.6 1.8 0.802151543498597
0.6 1.9000000000000001 0.7927970065481759
0.6 2.0 0.809011537262239
0.6 2.1 0.7998129092609916
0.6 2.2 0.8004365450576864
0.6 2.3000000000000003 0.7957592765824758
0.6 2.4000000000000004 0.810414717804802
0.6 2.5 0.8038665419395074
0.6 2.6 0.8102588088556284
0.6 2.7 0.8029310882444652
0.6 2.8000000000000003 0.7977860929217337
0.6 2.9000000000000004 0.8169628936700967
0.6 3.0 0.8235110695353912
0.6 3.1 0.8018397256002494
0.6 3.2 0.8105706267539756
0.6 3.3000000000000003 0.8005924540068601
0.6 3.4000000000000004 0.790770190208918
0.6 3.5 0.8101028999064547
0.6 3.6 0.818677892111007
0.6 3.7 0.8110383536014968
0.6 3.8000000000000003 0.8027751792952915
0.6 3.9000000000000004 0.8164951668225756
0.6 4.0 0.8005924540068601
0.6 4.1000000000000005 0.8088556283130651
0.6 4.2 0.8111942625506705
0.6 4.3 0.810882444652323
0.6 4.4 0.8213283442469598
0.6 4.5 0.8246024321796072
0.6 4.6000000000000005 0.8138447146866231
0.6 4.7 0.8157156220767071
0.6 4.800000000000001 0.8161833489242283
0.6 4.9 0.8096351730589335
0.6 5.0 0.8118178983473651
0.7000000000000001 0.0 0.801060180854381
0.7000000000000001 0.1 0.7801683816651076
0.7000000000000001 0.2 0.7932647333956968
0.7000000000000001 0.30000000000000004 0.7918615528531338
0.7000000000000001 0.4 0.8111942625506704
0.7000000000000001 0.5 0.7923292797006548
0.7000000000000001 0.6000000000000001 0.790770190208918
0.7000000000000001 0.7000000000000001 0.7895229186155287
0.7000000000000001 0.8 0.8091674462114126
0.7000000000000001 0.9 0.7926410975990023
0.7000000000000001 1.0 0.7893670096663549
0.7000000000000001 1.1 0.8093233551605863
0.7000000000000001 1.2000000000000002 0.7761147489865917
0.7000000000000001 1.3 0.7957592765824759
0.7000000000000001 1.4000000000000001 0.7974742750233862
0.7000000000000001 1.5 0.7946679139382602
0.7000000000000001 1.6 0.8122856251948862
0.7000000000000001 1.7000000000000002 0.8118178983473651
0.7000000000000001 1.8 0.8013719987527285
0.7000000000000001 1.9000000000000001 0.7874961022762706
0.7000000000000001 2.0 0.8012160898035546
0.7000000000000001 2.1 0.786872466479576
0.7000000000000001 2.2 0.7920174618023075
0.7000000000000001 2.3000000000000003 0.807920174618023
0.7000000000000001 2.4000000000000004 0.7959151855316495
0.7000000000000001 2.5 0.7846897411911445
0.7000000000000001 2.6 0.8032429061428127
0.7000000000000001 2.7 0.8030869971936389
0.7000000000000001 2.8000000000000003 0.8044901777362021
0.7000000000000001 2.9000000000000004 0.8007483629560337
0.7000000000000001 3.0 0.809011537262239
0.7000000000000001 3.1 0.7990333645151232
0.7000000000000001 3.2 0.8026192703461179
0.7000000000000001 3.3000000000000003 0.8146242594324914
0.7000000000000001 3.4000000000000004 0.811350171499844
0.7000000000000001 3.5 0.7935765512940444
0.7000000000000001 3.6 0.7965388213283443
0.7000000000000001 3.7 0.8091674462114126
0.7000000000000001 3.8000000000000003 0.8052697224820705
0.7000000000000001 3.9000000000000004 0.7995010913626442
0.7000000000000001 4.0 0.80651699407546
0.7000000000000001 4.1000000000000005 0.8171188026192704
0.7000000000000001 4.2 0.8093233551605863
0.7000000000000001 4.3 0.8155597131275334
0.7000000000000001 4.4 0.8161833489242282
0.7000000000000001 4.5 0.8154038041783599
0.7000000000000001 4.6000000000000005 0.8090115372622387
0.7000000000000001 4.7 0.8086997193638914
0.7000000000000001 4.800000000000001 0.8193015279077018
0.7000000000000001 4.9 0.8062051761771124
0.7000000000000001 5.0 0.8088556283130651
0.8 0.0 0.7759588400374181
0.8 0.1 0.7932647333956971
0.8 0.2 0.7864047396320548
0.8 0.30000000000000004 0.8115060804490178
0.8 0.4 0.8021515434985967
0.8 0.5 0.7923292797006548
0.8 0.6000000000000001 0.8071406298721547
0.8 0.7000000000000001 0.7820392890551918
0.8 0.8 0.7804801995634549
0.8 0.9 0.7979420018709075
0.8 1.0 0.7832865606485812
0.8 1.1 0.7927970065481759
0.8 1.2000000000000002 0.8214842531961334
0.8 1.3 0.8051138135328969
0.8 1.4000000000000001 0.7998129092609916
0.8 1.5 0.8063610851262862
0.8 1.6 0.7876520112254443
0.8 1.7000000000000002 0.8113501714998441
0.8 1.8 0.7962270034299969
0.8 1.9000000000000001 0.8041783598378546
0.8 2.0 0.7974742750233862
0.8 2.1 0.8023074524477706
0.8 2.2 0.7970065481758654
0.8 2.3000000000000003 0.788275647022139
0.8 2.4000000000000004 0.79763018397256
0.8 2.5 0.7913938260056127
0.8 2.6 0.8060492672279388
0.8 2.7 0.819769254755223
0.8 2.8000000000000003 0.8048019956345493
0.8 2.9000000000000004 0.7938883691923917
0.8 3.0 0.8005924540068601
0.8 3.1 0.8041783598378548
0.8 3.2 0.810882444652323
0.8 3.3000000000000003 0.8026192703461178
0.8 3.4000000000000004 0.8252260679763018
0.8 3.5 0.8041783598378546
0.8 3.6 0.8116619893981915
0.8 3.7 0.7896788275647021
0.8 3.8000000000000003 0.8062051761771126
0.8 3.9000000000000004 0.8132210788899282
0.8 4.0 0.8021515434985967
0.8 4.1000000000000005 0.8026192703461179
0.8 4.2 0.7973183660742126
0.8 4.3 0.817274711568444
0.8 4.4 0.7999688182101653
0.8 4.5 0.807920174618023
0.8 4.6000000000000005 0.8033988150919863
0.8 4.7 0.8105706267539757
0.8 4.800000000000001 0.813376987839102
0.8 4.9 0.8208606173994388
0.8 5.0 0.8026192703461178
0.9 0.0 0.7870283754287497
0.9 0.1 0.8012160898035549
0.9 0.2 0.8194574368568756
0.9 0.30000000000000004 0.7948238228874337
0.9 0.4 0.7784533832241971
0.9 0.5 0.7923292797006548
0.9 0.6000000000000001 0.799657000311818
0.9 0.7000000000000001 0.8088556283130651
0.9 0.8 0.7728406610539446
0.9 0.9 0.7723729342064235
0.9 1.0 0.8150919862800124
0.9 1.1 0.799657000311818
0.9 1.2000000000000002 0.790770190208918
0.9 1.3 0.7995010913626444
0.9 1.4000000000000001 0.7765824758341129
0.9 1.5 0.7846897411911443
0.9 1.6 0.8016838166510758
0.9 1.7000000000000002 0.7917056439039599
0.9 1.8 0.7968506392266916
0.9 1.9000000000000001 0.807920174618023
0.9 2.0 0.7874961022762706
0.9 2.1 0.8143124415341442
0.9 2.2 0.7999688182101652
0.9 2.3000000000000003 0.814780168381665
0.9 2.4000000000000004 0.8016838166510758
0.9 2.5 0.7913938260056127
0.9 2.6 0.7982538197692549
0.9 2.7 0.8021515434985967
0.9 2.8000000000000003 0.7999688182101652
0.9 2.9000000000000004 0.8093233551605863
0.9 3.0 0.7991892734642968
0.9 3.1 0.8175865294667913
0.9 3.2 0.8096351730589335
0.9 3.3000000000000003 0.8182101652634861
0.9 3.4000000000000004 0.8076083567196757
0.9 3.5 0.7984097287184285
0.9 3.6 0.8057374493295915
0.9 3.7 0.8124415341440598
0.9 3.8000000000000003 0.8013719987527285
0.9 3.9000000000000004 0.7966947302775179
0.9 4.0 0.8125974430932336
0.9 4.1000000000000005 0.8038665419395074
0.9 4.2 0.8091674462114126
0.9 4.3 0.8158715310258807
0.9 4.4 0.80355472404116
0.9 4.5 0.8169628936700968
0.9 4.6000000000000005 0.8125974430932336
0.9 4.7 0.8099469909572811
0.9 4.800000000000001 0.8015279077019021
0.9 4.9 0.8046460866853758
0.9 5.0 0.8004365450576864
1.0 0.0 0.7913938260056129
1.0 0.1 0.8072965388213285
1.0 0.2 0.7985656376676022
1.0 0.30000000000000004 0.8062051761771126
1.0 0.4 0.8071406298721547
1.0 0.5 0.7856251948861864
1.0 0.6000000000000001 0.8001247271593389
1.0 0.7000000000000001 0.7988774555659495
1.0 0.8 0.8054256314312441
1.0 0.9 0.7821951980043655
1.0 1.0 0.7772061116308077
1.0 1.1 0.7963829123791705
1.0 1.2000000000000002 0.7921733707514811
1.0 1.3 0.7887433738696602
1.0 1.4000000000000001 0.8121297162457126
1.0 1.5 0.8068288119738073
1.0 1.6 0.790302463361397
1.0 1.7000000000000002 0.7973183660742128
1.0 1.8 0.7823511069535392
1.0 1.9000000000000001 0.8099469909572811
1.0 2.0 0.7971624571250389
1.0 2.1 0.8023074524477706
1.0 2.2 0.7988774555659495
1.0 2.3000000000000003 0.7973183660742126
1.0 2.4000000000000004 0.7999688182101653
1.0 2.5 0.8108824446523232
1.0 2.6 0.7884315559713128
1.0 2.7 0.780012472715934
1.0 2.8000000000000003 0.8127533520424072
1.0 2.9000000000000004 0.7800124727159338
1.0 3.0 0.8009042719052073
1.0 3.1 0.804022450888681
1.0 3.2 0.8080760835671968
1.0 3.3000000000000003 0.8150919862800124
1.0 3.4000000000000004 0.826629248518865
1.0 3.5 0.8102588088556284
1.0 3.6 0.8048019956345493
1.0 3.7 0.7949797318366074
1.0 3.8000000000000003 0.7898347365138759
1.0 3.9000000000000004 0.8038665419395072
1.0 4.0 0.797162457125039
1.0 4.1000000000000005 0.8150919862800126
1.0 4.2 0.8001247271593389
1.0 4.3 0.7990333645151231
1.0 4.4 0.8066729030246336
1.0 4.5 0.7956033676333022
1.0 4.6000000000000005 0.8072965388213283
1.0 4.7 0.8130651699407546
1.0 4.800000000000001 0.8004365450576864
1.0 4.9 0.8072965388213285
1.0 5.0 0.790770190208918
