0.01 0.0 0.7299657000311819
0.01 0.1 0.7786092921733708
0.01 0.2 0.7979420018709075
0.01 0.30000000000000004 0.7991892734642968
0.01 0.4 0.8002806361085124
0.01 0.5 0.8010601808543809
0.01 0.6000000000000001 0.8018397256002494
0.01 0.7000000000000001 0.8023074524477706
0.01 0.8 0.8023074524477706
0.01 0.9 0.804022450888681
0.01 1.0 0.8044901777362021
0.01 1.1 0.8049579045837231
0.01 1.2000000000000002 0.8049579045837231
0.01 1.3 0.8049579045837231
0.01 1.4000000000000001 0.8051138135328969
0.01 1.5 0.8054256314312441
0.01 1.6 0.8052697224820706
0.01 1.7000000000000002 0.8051138135328969
0.01 1.8 0.8051138135328969
0.01 1.9000000000000001 0.8055815403804178
0.01 2.0 0.8054256314312441
0.01 2.1 0.8054256314312441
0.01 2.2 0.8058933582787651
0.01 2.3000000000000003 0.8057374493295915
0.01 2.4000000000000004 0.8058933582787651
0.01 2.5 0.8060492672279388
0.01 2.6 0.8058933582787654
0.01 2.7 0.8058933582787654
0.01 2.8000000000000003 0.8058933582787654
0.01 2.9000000000000004 0.8057374493295916
0.01 3.0 0.8055815403804178
0.01 3.1 0.8055815403804178
0.01 3.2 0.8054256314312441
0.01 3.3000000000000003 0.8051138135328969
0.01 3.4000000000000004 0.8051138135328969
0.01 3.5 0.8051138135328969
0.01 3.6 0.8051138135328969
0.01 3.7 0.8051138135328969
0.01 3.8000000000000003 0.8051138135328969
0.01 3.9000000000000004 0.8049579045837231
0.01 4.0 0.8049579045837231
0.01 4.1000000000000005 0.8051138135328967
0.01 4.2 0.8051138135328967
0.01 4.3 0.8051138135328967
0.01 4.4 0.8051138135328967
0.01 4.5 0.8051138135328967
0.01 4.6000000000000005 0.8049579045837231
0.01 4.7 0.8049579045837231
0.01 4.800000000000001 0.8051138135328969
0.01 4.9 0.8049579045837231
