0.01 0.0 0.7204552541315872
0.02 0.0 0.755846585594013
0.03 0.0 0.7734642968506392
0.04 0.0 0.7723729342064235
0.05 0.0 0.7952915497349548
0.060000000000000005 0.0 0.777517929529155
0.06999999999999999 0.0 0.777517929529155
0.08 0.0 0.771125662613034
0.09 0.0 0.7670720299345183
0.09999999999999999 0.0 0.7979420018709074
0.11 0.0 0.7793888369192392
0.12 0.0 0.8012160898035546
0.13 0.0 0.7787652011225444
0.14 0.0 0.8157156220767073
0.15000000000000002 0.0 0.8009042719052074
0.16 0.0 0.784377923292797
0.17 0.0 0.7943560960399126
0.18000000000000002 0.0 0.7963829123791705
0.19 0.0 0.7962270034299969
0.2 0.0 0.7678515746803867
0.21000000000000002 0.0 0.7935765512940444
0.22 0.0 0.786872466479576
0.23 0.0 0.7968506392266916
0.24000000000000002 0.0 0.7878079201746179
0.25 0.0 0.7860929217337075
0.26 0.0 0.7966947302775179
0.27 0.0 0.7924851886498286
0.28 0.0 0.8019956345494231
0.29000000000000004 0.0 0.7761147489865919
0.3 0.0 0.7963829123791705
0.31 0.0 0.7748674773932024
0.32 0.0 0.804022450888681
0.33 0.0 0.7717492984097287
0.34 0.0 0.7848456501403179
0.35000000000000003 0.0 0.8016838166510758
0.36000000000000004 0.0 0.8060492672279388
0.37 0.0 0.7991892734642968
0.38 0.0 0.777517929529155
0.39 0.0 0.804022450888681
0.4 0.0 0.7821951980043654
0.41000000000000003 0.0 0.7848456501403182
0.42000000000000004 0.0 0.7697224820704709
0.43 0.0 0.7851574680386655
0.44 0.0 0.7784533832241971
0.45 0.0 0.8012160898035546
0.46 0.0 0.7739320236981602
0.47000000000000003 0.0 0.7959151855316495
0.48000000000000004 0.0 0.775491113189897
0.49 0.0 0.7957592765824758
0.5 0.0 0.7768942937324602
0.51 0.0 0.7762706579357656
0.52 0.0 0.8099469909572811
0.53 0.0 0.7906142812597442
0.54 0.0 0.7977860929217337
0.55 0.0 0.7812597443093234
0.56 0.0 0.8071406298721547
0.5700000000000001 0.0 0.796694730277518
0.5800000000000001 0.0 0.7751792952915498
0.59 0.0 0.8066729030246336
0.6 0.0 0.8046460866853757
0.61 0.0 0.7584970377299657
0.62 0.0 0.7977860929217337
0.63 0.0 0.783442469597755
0.64 0.0 0.7984097287184285
0.65 0.0 0.8016838166510758
0.66 0.0 0.7904583723105706
0.67 0.0 0.791237917056439
0.68 0.0 0.7915497349547863
0.6900000000000001 0.0 0.7831306516994075
0.7000000000000001 0.0 0.801060180854381
0.7100000000000001 0.0 0.7874961022762706
0.72 0.0 0.8080760835671968
0.73 0.0 0.7984097287184285
0.74 0.0 0.7865606485812285
0.75 0.0 0.7842220143436233
0.76 0.0 0.7782974742750234
0.77 0.0 0.8085438104147178
0.78 0.0 0.8102588088556284
0.79 0.0 0.7797006548175865
0.8 0.0 0.7759588400374181
0.81 0.0 0.7968506392266916
0.8200000000000001 0.0 0.7784533832241971
0.8300000000000001 0.0 0.788275647022139
0.8400000000000001 0.0 0.8068288119738073
0.85 0.0 0.7878079201746181
0.86 0.0 0.7714374805113814
0.87 0.0 0.8001247271593389
0.88 0.0 0.7960710944808231
0.89 0.0 0.7951356407857811
0.9 0.0 0.7870283754287497
0.91 0.0 0.7915497349547863
0.92 0.0 0.7768942937324602
0.93 0.0 0.7797006548175865
0.9400000000000001 0.0 0.8049579045837231
0.9500000000000001 0.0 0.7968506392266916
0.9600000000000001 0.0 0.7725288431555972
0.97 0.0 0.7932647333956969
0.98 0.0 0.80651699407546
0.99 0.0 0.7803242906142813
1.0 0.0 0.7913938260056129
