0.01 2.0 0.541 0.566777212101534 0.5656936755752969 0.6780931532456927

0.01 1.0 0.5505000000000001 0.44570508869015263 0.48123985325552654 0.5528859015960725

0.01 0.5 0.541 0.37893188167139263 0.49994283369585135 0.43608556631803796

0.01 0.25 0.518 0.4080842697645263 0.4243408508133181 0.4851391396587523

0.01 0.125 0.524 0.4656693370805808 0.553851841205966 0.4936994694269784

0.01 0.0625 0.5389999999999999 0.5059078765810358 0.5474121492043899 0.48256313643672877

0.11 2.0 0.5499999999999999 0.5157857627070233 0.5386292779993346 0.6359740767099157

0.11 1.0 0.5455 0.5527590775317318 0.5833563957145318 0.72041701370288

0.11 0.5 0.5289999999999999 0.5800118787240802 0.5291417781480967 0.6986342850469723

0.11 0.25 0.5365 0.4920550569993584 0.5570753467497198 0.4877425345875289

0.11 0.125 0.526 0.5864472979036848 0.5193437059944367 0.6802183891730353

0.11 0.0625 0.5299999999999999 0.5040818392255889 0.5372704540512759 0.47986913651050855

0.21000000000000002 2.0 0.533 0.3695294696690046 0.5382187653282882 0.4408284784542353

0.21000000000000002 1.0 0.54 0.3477737537195317 0.4688381946185067 0.3748572845793948

0.21000000000000002 0.5 0.547 0.5220218184739489 0.5852498245328723 0.6150929854653787

0.21000000000000002 0.25 0.5355000000000001 0.5458250733304799 0.5274161575150724 0.5823148905019119

0.21000000000000002 0.125 0.5125 0.44658426083742525 0.5341065161382453 0.4312908130816938

0.21000000000000002 0.0625 0.515 0.5452886031111029 0.516446443808553 0.5952065374328631

0.31000000000000005 2.0 0.5285 0.41482819308304436 0.6646503577697179 0.5669885962659171

0.31000000000000005 1.0 0.5405 0.6245506124683923 0.5289566086689284 0.7875653089693481

0.31000000000000005 0.5 0.5425 0.48959284244258205 0.44294129369327573 0.5895741551563299

0.31000000000000005 0.25 0.542 0.5037871860772458 0.5399022259494461 0.5470457576651182

0.31000000000000005 0.125 0.5145000000000001 0.39444900336200117 0.49526762449946427 0.34823928155503386

0.31000000000000005 0.0625 0.5475000000000001 0.5444649630309983 0.5453162745681941 0.5453554134861538

0.41000000000000003 2.0 0.5075000000000001 0.2775145763821971 0.4850207373271889 0.34119017257982004

0.41000000000000003 1.0 0.5055 0.390683968004896 0.30280840898232203 0.5549553128103277

0.41000000000000003 0.5 0.5375 0.443356351209964 0.4724912098181367 0.5122358452950558

0.41000000000000003 0.25 0.5405 0.5964267274892432 0.5374306490510401 0.715601497772018

0.41000000000000003 0.125 0.5305 0.4957546657362986 0.5486530544010154 0.49052991914237615

0.41000000000000003 0.0625 0.5505 0.5377373147543427 0.5540282979495427 0.5397113573314746

0.51 2.0 0.5295 0.3395253866257855 0.7700111216031896 0.4290787835405966

0.51 1.0 0.524 0.3496453067735529 0.385764795108564 0.4176126688629524

0.51 0.5 0.522 0.521899301053441 0.41259338143671426 0.716424197285667

0.51 0.25 0.5395 0.5790004742949701 0.5415548298648849 0.6575401164315566

0.51 0.125 0.523 0.5418664846533984 0.5214489050161237 0.5955602149741839

0.51 0.0625 0.5319999999999999 0.5588371438410071 0.5279212772538584 0.6127856709501722

0.6100000000000001 2.0 0.507 0.3485760275356791 0.32777945820657683 0.4385262186384281

0.6100000000000001 1.0 0.511 0.3692860547723096 0.32422972972972974 0.4918660287081339

0.6100000000000001 0.5 0.517 0.4093772432546035 0.5697035617153672 0.4564109980711851

0.6100000000000001 0.25 0.5275000000000001 0.45343170709799363 0.48872725663604416 0.5126083585490705

0.6100000000000001 0.125 0.5439999999999999 0.5958311101446186 0.5392937870964224 0.6920169724671492

0.6100000000000001 0.0625 0.533 0.517589053470626 0.5418376791881127 0.5230968004196741

0.7100000000000001 2.0 0.504 0.3955457850194693 0.4785115257279 0.5383251159740607

0.7100000000000001 1.0 0.5225000000000001 0.383051433183575 0.4468827404479578 0.4521263935103102

0.7100000000000001 0.5 0.5509999999999999 0.5741118605820594 0.583001716001716 0.6854190853229059

0.7100000000000001 0.25 0.5305 0.49384916742128737 0.5445156445638375 0.5299434414986496

0.7100000000000001 0.125 0.54 0.5138249487465048 0.5426810614819617 0.5314519989438643

0.7100000000000001 0.0625 0.5449999999999999 0.5473279831724029 0.5424187582670748 0.5609663701192101

0.81 2.0 0.5305000000000001 0.4658911273498604 0.42596190051664984 0.5564044413303156

0.81 1.0 0.5325 0.44263487424428527 0.44137491859414724 0.49650397484872466

0.81 0.5 0.5505 0.5517157308965418 0.570249543537747 0.5932670898007136

0.81 0.25 0.536 0.4743377456622066 0.5446448633048122 0.44076896312797037

0.81 0.125 0.529 0.5779127972468949 0.5282219522142981 0.6835993510546922

0.81 0.0625 0.538 0.560980864276198 0.5333782812464669 0.5953660844439638

0.91 2.0 0.5109999999999999 0.5258314738666243 0.40644114187090885 0.7478232848066916

0.91 1.0 0.513 0.33031277507982254 0.5360498220640568 0.4039853433479871

0.91 0.5 0.5325 0.2629608664818402 0.6120088500334181 0.2476176730583195

0.91 0.25 0.5475 0.5227311351580939 0.5621278726505778 0.5495302300142656

0.91 0.125 0.5495 0.513318449169238 0.5588352964744617 0.490702643027801

0.91 0.0625 0.536 0.5202096853824639 0.5403958546371269 0.5098416158227587

