0.01 2.0 0.4995 0.39555520383872017 0.29949972943722947 0.582556049069374

0.01 1.0 0.5295 0.2817700301573522 0.6154792284866468 0.38059272591857

0.01 0.5 0.5075 0.5264934107321754 0.40284794597812806 0.7610964912280702

0.01 0.25 0.5375000000000001 0.49338287821106946 0.5716823700402267 0.5214408088160603

0.01 0.125 0.5325 0.4507756128408091 0.43069998522813124 0.5073801294911927

0.01 0.0625 0.5389999999999999 0.4846050052118899 0.5608576079377976 0.4721625879075666

0.21000000000000002 2.0 0.5205 0.534117430661005 0.5304386359781009 0.7439132438298776

0.21000000000000002 1.0 0.5195000000000001 0.5371071335191032 0.41022629790226184 0.778972288676236

0.21000000000000002 0.5 0.526 0.2046802632137171 0.5432573081326886 0.16652906599656886

0.21000000000000002 0.25 0.5504999999999999 0.5303644536224555 0.5657056742262816 0.5515686806338097

0.21000000000000002 0.125 0.5475 0.6089336562873511 0.5372088247678797 0.7571315369020456

0.21000000000000002 0.0625 0.531 0.5261131093508098 0.5367034131823806 0.5473585595913973

0.41000000000000003 2.0 0.49149999999999994 0.2608296162090474 0.3953021131995328 0.3852880781499203

0.41000000000000003 1.0 0.506 0.49814363879836876 0.4057625698324022 0.6818452649634377

0.41000000000000003 0.5 0.502 0.5298517555515527 0.40055405405405403 0.783157894736842

0.41000000000000003 0.25 0.5159999999999999 0.501377108870692 0.42072326977213576 0.6610589509795071

0.41000000000000003 0.125 0.5695 0.49204872045543746 0.6441230310563896 0.5039707327892569

0.41000000000000003 0.0625 0.5734999999999999 0.5717512005634149 0.5726308837039783 0.586005411072653

0.6100000000000001 2.0 0.513 0.2644974093264249 0.2080330865268441 0.36524758164926735

0.6100000000000001 1.0 0.5045 0.5125427515840965 0.408568033165783 0.7130846573982125

0.6100000000000001 0.5 0.5349999999999999 0.4461643770405372 0.4447522060871661 0.5205023763054099

0.6100000000000001 0.25 0.52 0.4802269909251183 0.5598279193924356 0.531522279648521

0.6100000000000001 0.125 0.5255 0.59002020550353 0.5200731210153737 0.7170867811643674

0.6100000000000001 0.0625 0.5589999999999999 0.550542738420843 0.5642924806522162 0.5532851422712907

0.81 2.0 0.512 0.5312323418742206 0.40643495218587355 0.7684995066834879

0.81 1.0 0.5065000000000001 0.5152087232966039 0.4060515424150043 0.718256902784187

0.81 0.5 0.5295 0.4838472628989301 0.4243803988783201 0.5707588459005695

0.81 0.25 0.5295 0.4388649006801578 0.57690575895886 0.5165791395510613

0.81 0.125 0.5505 0.5172769227016655 0.5630016559695684 0.5437868396841246

0.81 0.0625 0.5295 0.49505576161224607 0.5638163155476598 0.5104447271460948

